7 8 8 8 8 8 8 8 8 8 8 7
7 8 8 8 8 8 8 8 8 8 8 7
7 8 8 8 8 8 8 8 8 8 8 7
7 8 8 8 8 8 8 8 8 8 8 7
7 8 8 8 8 8 8 8 8 8 8 7
7 8 8 8 8 8 8 8 8 8 8 7
7 8 8 8 8 8 8 8 8 8 8 7
7 8 8 8 8 8 8 8 8 8 8 7
7 8 8 8 8 8 8 8 8 8 8 7
7 8 8 8 8 8 8 8 8 8 8 7
7 8 8 8 8 8 8 8 8 8 8 7
7 8 8 8 8 8 8 8 8 8 8 7
7 8 8 8 8 8 8 8 8 8 8 7
7 8 8 8 8 8 8 8 8 8 8 7
7 8 8 8 8 8 8 8 8 8 8 7
7 8 8 8 8 8 8 8 8 8 8 7
7 8 8 8 8 8 8 8 8 8 8 7
7 8 8 8 8 8 8 8 8 8 8 7
7 8 8 8 8 8 8 8 8 8 8 7
7 7 7 7 7 7 7 7 7 7 7 7
ÇQéüå≥îzóÒ Stage ÇéüÇÃÇÊÇ§Ç…èâä˙âªÇ∑ÇÈ
